50
0.00001
1 2 3 4 5 6 7 8 9 10 11 12 13 14 15 16 17 18 19 20 21 22 23 24 25 26 27 28 29 30 31 32 33 34 35 36 36 38 39 40 41 42 43 44 45 46 47 48 49 50 
9991 2 3 4 5 6 7 8 9 10 11 12 13 14 15 16 17 18 19 20 21 22 23 24 25 26 27 28 29 30 31 32 33 34 35 36 36 38 39 40 41 42 43 44 45 46 47 48 49 50 99992
1 9992 3 4 5 6 7 8 9 10 11 12 13 14 15 16 17 18 19 20 21 22 23 24 25 26 27 28 29 30 31 32 33 34 35 36 36 38 39 40 41 42 43 44 45 46 47 48 49 50 99993
1 2 9993 4 5 6 7 8 9 10 11 12 13 14 15 16 17 18 19 20 21 22 23 24 25 26 27 28 29 30 31 32 33 34 35 36 36 38 39 40 41 42 43 44 45 46 47 48 49 50 99994
1 2 3 9994 5 6 7 8 9 10 11 12 13 14 15 16 17 18 19 20 21 22 23 24 25 26 27 28 29 30 31 32 33 34 35 36 36 38 39 40 41 42 43 44 45 46 47 48 49 50 99995
1 2 3 4 9995 6 7 8 9 10 11 12 13 14 15 16 17 18 19 20 21 22 23 24 25 26 27 28 29 30 31 32 33 34 35 36 36 38 39 40 41 42 43 44 45 46 47 48 49 50 99996
1 2 3 4 5 9996 7 8 9 10 11 12 13 14 15 16 17 18 19 20 21 22 23 24 25 26 27 28 29 30 31 32 33 34 35 36 36 38 39 40 41 42 43 44 45 46 47 48 49 50 99997
1 2 3 4 5 6 9997 8 9 10 11 12 13 14 15 16 17 18 19 20 21 22 23 24 25 26 27 28 29 30 31 32 33 34 35 36 36 38 39 40 41 42 43 44 45 46 47 48 49 50 99997
1 2 3 4 5 6 7 9998 9 10 11 12 13 14 15 16 17 18 19 20 21 22 23 24 25 26 27 28 29 30 31 32 33 34 35 36 36 38 39 40 41 42 43 44 45 46 47 48 49 50 99999
1 2 3 4 5 6 7 8 9999 10 11 12 13 14 15 16 17 18 19 20 21 22 23 24 25 26 27 28 29 30 31 32 33 34 35 36 36 38 39 40 41 42 43 44 45 46 47 48 49 50 99999
1 2 3 4 5 6 7 8 9 99910 11 12 13 14 15 16 17 18 19 20 21 22 23 24 25 26 27 28 29 30 31 32 33 34 35 36 36 38 39 40 41 42 43 44 45 46 47 48 49 50 99997
1 2 3 4 5 6 7 8 9 10 99911 12 13 14 15 16 17 18 19 20 21 22 23 24 25 26 27 28 29 30 31 32 33 34 35 36 36 38 39 40 41 42 43 44 45 46 47 48 49 50 999999
1 2 3 4 5 6 7 8 9 10 11 99912 13 14 15 16 17 18 19 20 21 22 23 24 25 26 27 28 29 30 31 32 33 34 35 36 36 38 39 40 41 42 43 44 45 46 47 48 49 50 -99991
1 2 3 4 5 6 7 8 9 10 11 12 99913 14 15 16 17 18 19 20 21 22 23 24 25 26 27 28 29 30 31 32 33 34 35 36 36 38 39 40 41 42 43 44 45 46 47 48 49 50 -9995
1 2 3 4 5 6 7 8 9 10 11 12 13 99914 15 16 17 18 19 20 21 22 23 24 25 26 27 28 29 30 31 32 33 34 35 36 36 38 39 40 41 42 43 44 45 46 47 48 49 50 -6
1 2 3 4 5 6 7 8 9 10 11 12 13 14 99915 16 17 18 19 20 21 22 23 24 25 26 27 28 29 30 31 32 33 34 35 36 36 38 39 40 41 42 43 44 45 46 47 48 49 50 99993
1 2 3 4 5 6 7 8 9 10 11 12 13 14 15 99916 17 18 19 20 21 22 23 24 25 26 27 28 29 30 31 32 33 34 35 36 36 38 39 40 41 42 43 44 45 46 47 48 49 50 99933
1 2 3 4 5 6 7 8 9 10 11 12 13 14 15 16 99917 18 19 20 21 22 23 24 25 26 27 28 29 30 31 32 33 34 35 36 36 38 39 40 41 42 43 44 45 46 47 48 49 50 999912
1 2 3 4 5 6 7 8 9 10 11 12 13 14 15 16 17 99918 19 20 21 22 23 24 25 26 27 28 29 30 31 32 33 34 35 36 36 38 39 40 41 42 43 44 45 46 47 48 49 50 999913
1 2 3 4 5 6 7 8 9 10 11 12 13 14 15 16 17 18 99919 20 21 22 23 24 25 26 27 28 29 30 31 32 33 34 35 36 36 38 39 40 41 42 43 44 45 46 47 48 49 50 999943
1 2 3 4 5 6 7 8 9 10 11 12 13 14 15 16 17 18 19 99920 21 22 23 24 25 26 27 28 29 30 31 32 33 34 35 36 36 38 39 40 41 42 43 44 45 46 47 48 49 50 999967
1 2 3 4 5 6 7 8 9 10 11 12 13 14 15 16 17 18 19 20 99921 22 23 24 25 26 27 28 29 30 31 32 33 34 35 36 36 38 39 40 41 42 43 44 45 46 47 48 49 50 799998
1 2 3 4 5 6 7 8 9 10 11 12 13 14 15 16 17 18 19 20 21 99922 23 24 25 26 27 28 29 30 31 32 33 34 35 36 36 38 39 40 41 42 43 44 45 46 47 48 49 50 8
1 2 3 4 5 6 7 8 9 10 11 12 13 14 15 16 17 18 19 20 21 22 99923 24 25 26 27 28 29 30 31 32 33 34 35 36 36 38 39 40 41 42 43 44 45 46 47 48 49 50 5
1 2 3 4 5 6 7 8 9 10 11 12 13 14 15 16 17 18 19 20 21 22 23 99924 25 26 27 28 29 30 31 32 33 34 35 36 36 38 39 40 41 42 43 44 45 46 47 48 49 50 999955
1 2 3 4 5 6 7 8 9 10 11 12 13 14 15 16 17 18 19 20 21 22 23 24 99925 26 27 28 29 30 31 32 33 34 35 36 36 38 39 40 41 42 43 44 45 46 47 48 49 50 -1
1 2 3 4 5 6 7 8 9 10 11 12 13 14 15 16 17 18 19 20 21 22 23 24 25 99926 27 28 29 30 31 32 33 34 35 36 36 38 39 40 41 42 43 44 45 46 47 48 49 50 -5
1 2 3 4 5 6 7 8 9 10 11 12 13 14 15 16 17 18 19 20 21 22 23 24 25 26 99927 28 29 30 31 32 33 34 35 36 36 38 39 40 41 42 43 44 45 46 47 48 49 50 -7
1 2 3 4 5 6 7 8 9 10 11 12 13 14 15 16 17 18 19 20 21 22 23 24 25 26 27 99928 29 30 31 32 33 34 35 36 36 38 39 40 41 42 43 44 45 46 47 48 49 50 999932
1 2 3 4 5 6 7 8 9 10 11 12 13 14 15 16 17 18 19 20 21 22 23 24 25 26 27 28 99929 30 31 32 33 34 35 36 36 38 39 40 41 42 43 44 45 46 47 48 49 50 399995
1 2 3 4 5 6 7 8 9 10 11 12 13 14 15 16 17 18 19 20 21 22 23 24 25 26 27 28 29 99930 31 32 33 34 35 36 36 38 39 40 41 42 43 44 45 46 47 48 49 50 999937
1 2 3 4 5 6 7 8 9 10 11 12 13 14 15 16 17 18 19 20 21 22 23 24 25 26 27 28 29 30 99931 32 33 34 35 36 36 38 39 40 41 42 43 44 45 46 47 48 49 50 999941
1 2 3 4 5 6 7 8 9 10 11 12 13 14 15 16 17 18 19 20 21 22 23 24 25 26 27 28 29 30 31 99932 33 34 35 36 36 38 39 40 41 42 43 44 45 46 47 48 49 50 999942
1 2 3 4 5 6 7 8 9 10 11 12 13 14 15 16 17 18 19 20 21 22 23 24 25 26 27 28 29 30 31 32 99933 34 35 36 36 38 39 40 41 42 43 44 45 46 47 48 49 50 999943
1 2 3 4 5 6 7 8 9 10 11 12 13 14 15 16 17 18 19 20 21 22 23 24 25 26 27 28 29 30 31 32 33 99934 35 36 36 38 39 40 41 42 43 44 45 46 47 48 49 50 67
1 2 3 4 5 6 7 8 9 10 11 12 13 14 15 16 17 18 19 20 21 22 23 24 25 26 27 28 29 30 31 32 33 34 99935 36 36 38 39 40 41 42 43 44 45 46 47 48 49 50 78888
1 2 3 4 5 6 7 8 9 10 11 12 13 14 15 16 17 18 19 20 21 22 23 24 25 26 27 28 29 30 31 32 33 34 35 99936 36 38 39 40 41 42 43 44 45 46 47 48 49 50 97777
1 2 3 4 5 6 7 8 9 10 11 12 13 14 15 16 17 18 19 20 21 22 23 24 25 26 27 28 29 30 31 32 33 34 35 36 99936 38 39 40 41 42 43 44 45 46 47 48 49 50 90777
1 2 3 4 5 6 7 8 9 10 11 12 13 14 15 16 17 18 19 20 21 22 23 24 25 26 27 28 29 30 31 32 33 34 35 36 36 99938 39 40 41 42 43 44 45 46 47 48 49 50 77774
1 2 3 4 5 6 7 8 9 10 11 12 13 14 15 16 17 18 19 20 21 22 23 24 25 26 27 28 29 30 31 32 33 34 35 36 36 38 99939 40 41 42 43 44 45 46 47 48 49 50 227878
1 2 3 4 5 6 7 8 9 10 11 12 13 14 15 16 17 18 19 20 21 22 23 24 25 26 27 28 29 30 31 32 33 34 35 36 36 38 39 99940 41 42 43 44 45 46 47 48 49 50 213333
1 2 3 4 5 6 7 8 9 10 11 12 13 14 15 16 17 18 19 20 21 22 23 24 25 26 27 28 29 30 31 32 33 34 35 36 36 38 39 40 99941 42 43 44 45 46 47 48 49 50 217771
1 2 3 4 5 6 7 8 9 10 11 12 13 14 15 16 17 18 19 20 21 22 23 24 25 26 27 28 29 30 31 32 33 34 35 36 36 38 39 40 41 99942 43 44 45 46 47 48 49 50 245671
1 2 3 4 5 6 7 8 9 10 11 12 13 14 15 16 17 18 19 20 21 22 23 24 25 26 27 28 29 30 31 32 33 34 35 36 36 38 39 40 41 42 99943 44 45 46 47 48 49 50 98767
1 2 3 4 5 6 7 8 9 10 11 12 13 14 15 16 17 18 19 20 21 22 23 24 25 26 27 28 29 30 31 32 33 34 35 36 36 38 39 40 41 42 43 99944 45 46 47 48 49 50 88888
1 2 3 4 5 6 7 8 9 10 11 12 13 14 15 16 17 18 19 20 21 22 23 24 25 26 27 28 29 30 31 32 33 34 35 36 36 38 39 40 41 42 43 44 99945 46 47 48 49 50 888889
1 2 3 4 5 6 7 8 9 10 11 12 13 14 15 16 17 18 19 20 21 22 23 24 25 26 27 28 29 30 31 32 33 34 35 36 36 38 39 40 41 42 43 44 45 99946 47 48 49 50 555550
1 2 3 4 5 6 7 8 9 10 11 12 13 14 15 16 17 18 19 20 21 22 23 24 25 26 27 28 29 30 31 32 33 34 35 36 36 38 39 40 41 42 43 44 45 46 99947 48 49 50 999991
1 2 3 4 5 6 7 8 9 10 11 12 13 14 15 16 17 18 19 20 21 22 23 24 25 26 27 28 29 30 31 32 33 34 35 36 36 38 39 40 41 42 43 44 45 46 47 99948 49 50 777772
1 2 3 4 5 6 7 8 9 10 11 12 13 14 15 16 17 18 19 20 21 22 23 24 25 26 27 28 29 30 31 32 33 34 35 36 36 38 39 40 41 42 43 44 45 46 47 48 99949 50 777773
1 2 3 4 5 6 7 8 9 10 11 12 13 14 15 16 17 18 19 20 21 22 23 24 25 26 27 28 29 30 31 32 33 34 35 36 36 38 39 40 41 42 43 44 45 46 47 48 49 99950 777774